John 83 86 77 15
John 93 35 86 92
John 49 21 62 27
John 90 59 63 26
John 40 26 72 36
John 11 68 67 29
John 82 30 62 23
John 67 35 29 2
John 22 58 69 67
John 93 56 11 42
John 29 73 21 19
John 84 37 98 24
John 15 70 13 26
John 91 80 56 73
John 62 70 96 81
John 5 25 84 27
John 36 5 46 29
John 13 57 24 95
John 82 45 14 67
John 34 64 43 50
John 87 8 76 78
John 88 84 3 51
John 54 99 32 60
John 76 68 39 12
John 26 86 94 39
John 95 70 34 78
John 67 1 97 2
John 17 92 52 56
John 1 80 86 41
John 65 89 44 19
John 40 29 31 17
John 97 71 81 75
John 9 27 67 56
John 97 53 86 65
John 6 83 19 24
John 28 71 32 29
John 3 19 70 68
John 8 15 40 49
John 96 23 18 45
John 46 51 21 55
John 79 88 64 28
John 41 50 93 0
John 34 64 24 14
John 87 56 43 91
John 27 65 59 36
John 32 51 37 28
John 75 7 74 21
John 58 95 29 37
John 35 93 18 28
John 43 11 28 29
John 76 4 43 63
John 13 38 6 40
John 4 18 28 88
John 69 17 17 96
John 24 43 70 83
John 90 99 72 25
John 44 90 5 39
John 54 86 69 82
John 42 64 97 7
John 55 4 48 11
John 22 28 99 43
John 46 68 40 22
John 11 10 5 1
John 61 30 78 5
John 20 36 44 26
John 22 65 8 16
John 82 58 24 37
John 62 24 0 36
John 52 99 79 50
John 68 71 73 31
John 81 30 33 94
John 60 63 99 81
John 99 96 59 73
John 13 68 90 95
John 26 66 84 40
John 90 84 76 42
John 36 7 45 56
John 79 18 87 12
John 48 72 59 9
John 36 10 42 87
John 6 1 13 72
John 21 55 19 99
John 21 4 39 11
John 40 67 5 28
John 27 50 84 58
John 20 24 22 69
John 96 81 30 84
John 92 72 72 50
John 25 85 22 99
John 40 42 98 13
John 98 90 24 90
John 9 81 19 36
John 32 55 94 4
John 79 69 73 76
John 50 55 60 42
John 79 84 93 5
John 21 67 4 13
John 61 54 26 59
John 44 2 2 6
John 84 21 42 68
John 28 89 72 8
John 58 98 36 8
John 53 48 3 33
John 33 48 90 54
John 67 46 68 29
John 0 46 88 97
John 49 90 3 33
John 63 97 53 92
John 86 25 52 96
John 75 88 57 29
John 36 60 14 21
John 60 4 28 27
John 50 48 56 2
John 94 97 99 43
John 39 2 28 3
John 0 81 47 38
John 59 51 35 34
John 39 92 15 27
John 4 29 49 64
John 85 29 43 35
John 77 0 38 71
John 49 89 67 88
John 92 95 43 44
John 29 90 82 40
John 41 69 26 32
John 61 42 60 17
John 23 61 81 9
John 90 25 96 67
John 77 34 90 26
John 24 57 14 68
John 5 58 12 86
John 0 46 26 94
John 16 52 78 29
John 46 90 47 70
John 51 80 31 93
John 57 27 12 86
John 14 55 12 90
John 12 79 10 69
John 89 74 55 41
John 20 33 87 88
John 38 66 70 84
John 56 17 6 60
John 49 37 5 59
John 17 18 45 83
John 73 58 73 37
John 89 83 7 78
John 57 14 71 29
John 0 59 18 38
John 25 88 74 33
John 57 81 93 58
John 70 99 17 39
John 69 63 22 94
John 73 47 31 62
John 82 90 92 91
John 57 15 21 57
John 74 91 47 51
John 31 21 37 40
John 54 30 98 25
John 81 16 16 2
John 31 39 96 4
John 38 80 18 21
John 70 62 12 79
John 77 85 36 4
John 76 83 7 59
John 57 44 99 11
John 27 50 36 60
John 18 5 63 49
John 44 11 5 34
John 91 75 55 14
John 89 68 93 18
John 5 82 22 82
John 17 30 93 74
John 26 93 86 53
John 43 74 14 13
John 79 77 62 75
John 88 19 10 32
John 94 17 46 35
John 37 91 53 43
John 73 28 25 91
John 10 18 17 36
John 63 55 90 58
John 30 4 71 61
John 33 85 89 73
John 4 51 5 50
John 68 3 85 6
John 95 39 49 20
John 67 26 63 77
John 96 81 65 60
John 36 55 70 18
John 11 42 32 96
John 79 21 70 84
John 72 27 34 40
John 83 72 98 30
John 63 47 50 30
John 73 14 59 22
John 47 24 82 35
John 32 4 54 43
John 98 86 40 78
John 59 62 62 83
John 41 48 23 24
John 72 22 54 35
John 21 57 65 47
John 71 76 69 18
John 1 3 53 33
John 7 59 28 6
John 97 20 84 8
John 34 98 91 76
John 98 15 52 71
John 89 59 6 10
John 16 24 9 39
John 0 78 9 53
John 81 14 38 89
John 26 67 47 23
John 87 31 32 22
John 81 75 50 79
John 90 54 50 31
John 13 57 94 81
John 81 3 20 33
John 82 81 87 15
John 96 25 4 22
John 92 51 97 32
John 34 81 6 15
John 57 8 95 99
John 62 97 83 76
John 54 77 9 87
John 32 82 21 66
John 63 60 82 11
John 85 86 85 30
John 90 83 14 76
John 16 20 92 25
John 28 39 25 90
John 36 60 18 43
John 37 28 82 21
John 10 55 88 25
John 15 70 37 53
John 8 22 83 50
John 57 97 27 26
John 69 71 51 49
John 10 28 39 98
John 88 10 93 77
John 90 76 99 52
John 31 87 77 99
John 57 66 52 17
John 41 35 68 98
John 84 95 76 5
John 66 28 54 28
John 8 93 78 97
John 55 72 74 45
John 0 25 97 83
John 12 27 82 21
John 93 34 39 34
John 21 59 85 57
John 54 61 62 72
John 41 16 52 50
John 62 82 99 17
John 54 73 15 6
John 51 64 90 63
John 91 72 37 37
John 59 28 71 80
John 87 56 90 41
John 70 52 65 11
John 69 17 61 83
John 51 12 0 6
John 38 67 64 89
John 32 54 4 75
John 79 41 12 38
John 69 36 70 56
John 44 60 49 14
John 65 14 26 86
John 83 39 69 35
John 52 21 93 90
John 89 9 31 73
John 64 35 48 95
John 77 13 33 98
John 49 55 55 93
John 68 56 60 33
John 23 86 71 58
John 77 40 45 81
John 61 90 23 50
John 0 54 75 64
John 42 24 59 19
John 89 44 69 38
John 51 76 83 19
John 33 43 4 56
John 81 75 66 11
John 67 12 92 29
John 2 68 31 2
John 74 7 18 16
John 83 77 87 72
John 73 57 62 25
John 33 97 96 18
John 41 53 26 74
John 80 93 85 48
John 5 30 29 59
John 98 60 62 24
John 19 80 41 2
John 10 80 26 83
John 89 40 8 23
John 38 57 93 31
John 10 20 5 90
John 13 91 38 70
John 21 67 29 71
John 80 43 95 99
John 24 88 54 86
John 69 32 69 10
John 73 30 33 63
John 87 79 94 49
John 99 51 39 64
John 42 30 86 15
John 49 15 86 81
John 11 34 33 87
John 22 87 73 43
John 19 42 54 44
John 24 39 59 63
John 18 53 12 69
John 5 4 33 99
John 34 19 15 35
John 87 53 69 50
John 87 2 37 62
John 89 10 5 60
John 4 11 57 29
John 3 16 92 21
John 22 5 43 79
John 61 28 78 47
John 0 45 82 87
John 99 51 89 86
John 53 26 48 94
John 36 6 7 92
John 17 64 21 20
John 80 66 94 54
John 23 37 33 84
John 17 12 31 17
John 9 65 56 8
John 69 45 95 22
John 71 95 69 59
John 1 76 52 71
John 40 25 43 72
John 91 89 27 66
John 78 12 50 96
John 24 33 13 86
John 99 70 94 68
John 15 41 42 39
John 37 63 98 90
John 39 2 13 31
John 28 57 4 71
John 46 83 38 25
John 95 40 21 72
John 26 34 58 25
John 56 52 45 72
John 46 39 11 83
John 3 61 25 42
John 16 39 74 44
John 96 30 67 94
John 13 57 19 60
John 50 92 32 76
John 79 90 53 35
John 95 98 7 41
John 37 70 76 40
John 84 1 83 0
John 92 9 96 40
John 39 63 35 4
John 73 6 64 23
John 51 49 51 30
John 39 4 65 86
John 2 25 79 91
John 47 7 84 31
John 61 19 31 53
John 28 27 94 19
John 43 81 23 68
John 87 39 43 38
John 88 94 20 80
John 98 86 18 52
John 63 98 95 10
John 5 79 42 66
John 98 25 72 78
John 53 66 97 48
John 47 72 16 86
John 12 59 77 0
John 53 97 32 3
John 35 51 7 98
John 49 54 61 6
John 34 3 25 84
John 28 97 63 33
John 15 60 81 14
John 85 97 0 97
John 8 29 49 13
John 79 34 16 14
John 85 75 65 86
John 30 26 92 16
John 29 69 52 9
John 66 15 95 33
John 28 76 47 13
John 26 0 62 86
John 29 63 0 8
John 97 16 75 82
John 44 40 20 26
John 18 65 94 99
John 34 46 8 53
John 62 3 86 42
John 32 34 7 10
John 34 69 96 15
John 84 96 24 82
John 65 51 16 61
John 43 37 87 61
John 2 81 60 88
John 79 20 41 93
John 24 28 35 8
John 62 42 70 96
John 63 66 11 0
John 15 87 34 32
John 90 50 93 33
John 39 80 94 93
John 13 54 82 44
John 75 23 38 51
John 51 73 11 65
John 68 81 13 83
John 99 77 35 14
John 64 69 46 7
John 72 91 40 11
John 23 87 57 36
John 93 39 81 20
John 14 71 71 18
John 96 34 83 64
John 67 97 0 67
John 74 35 33 90
John 57 32 49 29
John 23 90 92 47
John 29 49 35 22
John 40 68 43 55
John 39 66 25 36
John 53 60 52 20
John 57 4 87 83
John 40 21 26 97
John 5 27 78 28
John 69 70 27 98
John 20 63 21 60
John 83 16 67 23
John 82 92 11 35
John 53 63 8 62
John 68 95 98 60
John 68 76 9 73
John 3 87 54 73
John 57 81 23 29
John 96 44 42 80
John 12 9 55 47
John 54 66 34 59
John 81 42 73 1
John 38 71 13 58
John 99 22 84 55
John 61 90 80 71
John 23 3 0 20
John 0 42 52 12
John 4 7 59 58
John 25 94 17 58
John 36 90 60 26
John 14 73 37 65
John 48 21 20 9
John 63 0 32 86
John 4 33 58 56
John 27 10 68 31
John 69 28 41 46
John 74 58 5 10
John 1 65 89 67
John 90 26 32 38
John 99 5 0 62
John 57 32 48 61
John 17 7 69 97
John 69 38 28 39
John 18 70 85 92
John 80 42 54 33
John 7 43 0 50
John 21 85 88 20
John 90 40 34 47
John 25 83 61 94
John 42 30 91 63
John 20 20 54 38
John 42 92 30 22
John 34 85 8 94
John 80 8 44 2
John 45 84 22 87
John 25 57 35 2
John 92 48 96 86
John 30 40 49 51
John 12 56 89 54
John 48 72 28 82
John 57 88 76 37
John 97 20 39 94
John 5 14 82 82
John 23 69 36 15
John 17 84 53 99
John 24 54 50 36
John 10 92 42 58
John 64 23 41 21
John 11 69 10 60
John 90 2 55 47
John 16 89 81 39
John 58 17 6 75
John 1 11 74 78
John 65 77 66 76
John 69 61 34 33
John 36 27 6 99
John 97 16 60 39
John 70 67 86 86
John 8 67 77 66
John 36 35 93 37
John 46 19 67 12
John 96 34 40 17
John 95 74 50 31
John 2 8 30 51
John 25 42 90 47
John 61 76 34 69
John 95 63 35 31
John 51 80 20 97
John 0 88 61 96
John 74 1 14 69
John 28 16 52 82
John 25 82 33 2
John 77 23 49 90
John 51 35 60 46
John 99 47 29 2
John 28 49 99 28
John 89 13 76 63
John 66 90 84 94
John 59 36 76 84
John 71 9 38 0
John 84 39 90 35
John 75 50 81 26
John 50 62 28 78
John 64 79 58 53
John 44 34 69 11
John 77 5 57 36
John 42 34 72 65
John 95 10 65 32
John 49 7 67 76
John 58 1 2 60
John 63 82 38 27
John 14 96 33 58
John 30 54 69 7
John 59 27 95 1
John 13 67 18 60
John 29 35 92 31
John 43 12 7 53
John 13 62 13 28
John 96 51 56 10
John 99 41 69 81
John 95 90 89 54
John 69 36 8 82
John 4 26 95 33
John 14 87 64 57
John 51 24 10 64
John 38 23 93 34
John 26 1 45 25
John 94 66 6 89
John 56 47 95 26
John 84 3 60 40
John 82 55 73 48
John 95 90 5 46
John 66 67 63 4
John 90 8 90 68
John 61 35 93 55
John 1 51 44 10
John 51 91 88 35
John 47 48 75 81
John 56 0 29 51
John 42 34 49 60
John 1 64 64 43
John 72 55 11 33
John 42 56 40 96
John 59 36 58 10
John 28 46 97 75
John 94 24 56 50
John 25 85 53 19
John 71 55 80 24
John 19 96 67 44
John 3 30 29 46
John 86 70 94 45
John 58 52 8 86
John 98 5 13 44
John 30 21 47 7
John 58 0 78 29
John 7 58 53 79
John 7 72 75 10
John 2 4 8 40
John 26 2 86 85
John 6 46 23 4
John 51 37 1 33
John 10 48 92 69
John 0 71 50 8
John 81 56 87 88
John 28 62 51 83
John 18 59 23 45
John 14 61 82 72
John 7 57 29 11
John 94 30 44 57
John 78 37 26 78
John 60 28 86 41
John 84 25 82 65
John 39 33 48 58
John 44 23 55 10
John 85 89 83 44
John 46 12 55 93
John 42 0 50 20
John 89 28 50 49
John 56 37 42 41
John 14 24 58 54
John 9 58 64 54
John 81 19 16 18
John 60 99 63 6
John 63 18 99 5
John 70 1 77 11
John 29 28 12 86
John 17 55 79 83
John 79 89 37 89
John 47 53 95 80
John 24 11 99 84
John 11 14 43 26
John 84 42 32 7
John 96 61 18 25
John 41 31 63 10
John 86 94 94 17
John 35 83 58 82
John 37 53 15 13
John 17 14 98 80
John 80 41 6 64
John 35 38 23 31
John 52 42 9 45
John 25 24 56 63
John 71 2 80 6
John 85 91 89 74
John 44 56 88 61
John 70 38 41 2
John 79 48 18 66
John 38 42 50 42
John 84 59 88 61
John 35 96 24 6
John 98 56 13 35
John 47 54 62 44
John 10 2 57 32
John 40 51 86 71
John 99 4 89 89
John 46 39 84 82
John 50 72 43 86
John 68 19 92 18
John 76 57 53 75
John 63 15 19 25
John 69 77 9 9
John 80 95 32 31
John 0 22 20 46
John 13 56 29 64
John 28 24 50 48
John 44 94 18 72
John 4 72 47 67
John 39 19 93 9
John 48 54 70 28
John 50 55 59 50
John 29 31 48 42
John 88 77 6 68
John 54 8 69 98
John 3 87 70 7
John 11 69 26 3
John 40 71 64 88
John 26 86 16 76
John 41 27 78 22
John 59 26 65 99
John 4 23 67 58
John 32 88 8 87
John 76 30 94 39
John 51 72 42 92
John 44 6 80 22
John 93 49 98 86
John 28 76 9 87
John 2 26 38 58
John 49 58 68 81
John 46 28 20 74
John 58 14 14 62
John 39 56 54 35
John 15 34 57 60
John 35 7 46 64
John 83 55 3 37
John 33 42 48 83
John 0 68 16 46
John 49 37 21 59
John 3 87 21 42
John 43 75 77 10
John 62 86 70 97
John 93 17 61 28
John 24 17 66 58
John 59 66 93 59
John 86 9 57 35
John 46 30 95 2
John 17 16 96 13
John 92 74 23 6
John 60 94 3 6
John 63 17 34 39
John 34 52 49 93
John 18 42 4 5
John 4 13 92 2
John 44 87 4 61
John 56 1 26 48
John 27 50 54 39
John 96 9 45 11
John 26 80 2 12
John 32 52 57 3
John 46 61 60 50
John 27 52 53 71
John 40 57 84 48
John 10 11 48 37
John 13 54 77 61
John 63 74 24 42
John 54 26 54 39
John 78 64 42 25
John 77 2 27 4
John 54 80 75 46
John 90 60 94 0
John 23 42 90 88
John 96 19 49 12
John 93 25 54 48
John 51 60 87 82
John 24 29 59 2
John 83 86 6 37
John 67 34 36 9
John 46 30 9 69
John 25 51 57 73
John 70 58 85 64
John 83 39 64 86
John 52 3 68 76
John 32 27 30 67
John 66 37 4 33
John 71 92 94 17
John 75 55 38 0
John 7 47 73 77
John 57 59 93 92
John 50 57 78 2
John 60 47 31 44
John 26 61 11 92
John 98 68 77 21
John 60 71 90 87
John 79 80 87 86
John 79 13 63 36
John 24 9 28 74
John 66 59 29 27
John 58 60 71 84
John 73 35 29 24
John 3 58 45 15
John 82 88 3 61
John 68 42 47 0
John 55 62 36 31
John 71 17 58 38
John 76 87 17 34
John 99 40 70 72
John 27 51 96 82
John 10 94 98 92
John 82 53 53 2
John 47 52 54 55
John 14 91 86 38
John 60 44 28 88
John 83 45 22 34
John 37 44 7 65
John 96 55 47 6
John 49 97 50 83
John 2 3 38 50
John 55 92 5 21
John 35 91 11 95
John 88 39 83 23
John 36 57 58 26
John 2 65 91 50
John 20 90 8 22
John 88 58 57 90
John 61 95 40 68
John 40 97 41 75
John 41 53 23 29
John 44 58 52 33
John 16 10 59 70
John 27 50 72 0
John 40 80 74 80
John 38 31 71 99
John 79 63 19 19
John 61 12 46 54
John 17 69 83 62
John 28 87 95 96
John 50 54 66 29
John 56 38 29 96
John 18 55 29 8
John 87 0 7 18
John 15 78 37 28
John 90 35 82 8
John 5 17 22 85
John 57 69 81 7
John 23 99 36 79
John 89 18 27 7
John 73 56 15 12
John 8 74 30 76
John 4 19 56 46
John 55 39 6 12
John 8 28 97 65
John 97 30 72 72
John 29 61 3 18
John 31 83 77 56
John 91 44 69 52
John 70 51 28 26
John 23 84 72 30
John 75 79 94 84
John 59 91 49 9
John 73 74 81 2
John 35 37 72 66
John 20 1 74 11
John 45 43 15 67
John 47 43 93 22
John 80 17 4 7
John 96 98 91 8
John 89 93 17 62
John 67 50 16 54
John 87 40 72 59
John 41 46 23 38
John 42 38 5 89
John 82 50 63 14
John 67 67 21 16
John 65 65 24 6
John 58 41 20 25
John 91 88 79 31
John 28 51 90 69
John 97 13 59 91
John 52 16 32 86
John 66 95 0 85
John 14 73 1 79
John 38 77 37 96
John 18 57 73 62
John 45 4 93 25
John 7 35 46 5
John 49 5 48 53
John 73 81 39 39
John 76 91 77 91
John 64 30 22 55
John 8 60 51 26
John 69 77 40 15
John 81 33 92 89
John 69 39 46 70
John 96 94 23 70
John 75 14 61 4
John 5 38 95 21
John 69 69 76 77
John 29 80 55 99
John 57 96 66 38
John 81 58 79 2
John 49 25 24 46
John 72 47 16 47
John 61 77 51 18
John 16 98 40 37
John 68 16 66 49
John 96 21 48 5
John 69 66 96 51
John 77 75 5 26
John 53 30 72 25
John 29 88 72 43
John 18 76 61 86
John 26 1 23 94
John 70 89 96 18
John 62 96 24 32
John 63 20 35 40
John 47 92 18 0
John 22 43 25 4
John 83 50 47 1
John 78 8 87 4
John 62 62 51 32
John 51 47 2 66
John 43 26 50 58
John 98 37 50 98
John 29 69 98 4
John 12 76 8 47
John 78 55 49 8
John 63 36 64 77
John 51 15 9 54
John 14 12 20 10
John 90 70 68 41
John 7 71 39 89
John 40 89 93 4
John 17 53 51 47
John 8 52 55 23
John 41 72 1 92
John 39 62 46 54
John 26 19 16 69
John 89 84 10 49
John 55 1 90 47
John 42 83 3 12
John 88 7 11 96
John 11 19 71 52
John 91 24 96 30
John 87 43 36 65
John 62 52 34 3
John 89 96 4 96
John 97 94 96 92
John 29 99 56 17
John 58 67 65 22
John 86 37 74 77
John 61 71 8 0
John 66 96 66 80
John 49 0 35 38
John 97 40 34 46
John 86 30 90 16
John 82 46 85 92
John 14 51 14 52
John 40 41 30 53
John 64 90 54 30
John 86 72 62 87
John 72 97 25 21
John 89 60 20 76
John 42 10 92 24
John 9 29 69 75
John 80 83 27 20
John 24 9 74 88
John 99 80 70 38
John 52 32 25 76
John 82 51 98 71
John 63 70 47 57
John 32 91 34 41
John 21 3 16 53
John 38 96 26 63
John 5 52 3 57
John 32 26 95 36
John 58 20 12 92
John 23 62 64 38
John 32 63 48 65
John 7 82 58 28
John 37 27 33 75
John 23 59 90 28
John 11 46 85 95
John 72 32 31 82
John 5 96 75 28
John 58 39 19 43
John 54 67 60 61
John 1 70 41 38
John 97 75 13 20
John 86 56 1 98
John 2 38 45 74
John 23 29 56 28
John 25 31 8 35
John 22 79 30 77
John 46 90 90 47
John 13 32 37 10
John 7 51 83 93
John 7 36 43 9
John 26 89 35 49
John 18 91 77 95
John 23 38 30 97
John 17 13 74 16
John 55 65 15 68
John 49 53 79 56
John 56 14 1 15
John 50 97 76 76
John 38 11 26 8
John 2 55 3 77
John 93 85 75 11
John 98 1 27 6
John 18 42 74 67
John 47 53 23 3
John 67 77 18 69
John 26 94 46 64
John 5 24 72 60
John 79 27 37 25
John 64 64 36 15
John 66 15 21 84
John 9 95 52 57
John 1 27 60 20
John 56 31 90 82
John 25 88 46 83
John 12 70 43 91
John 49 32 16 66
John 97 4 81 63
John 71 54 99 81
John 1 51 90 2
John 31 2 75 87
John 33 65 70 11
John 5 68 46 17
John 91 89 60 92
John 73 29 58 70
John 33 91 85 57
John 97 37 90 99
John 88 80 53 71
John 34 28 59 20
John 45 81 83 50
John 1 29 19 92
John 70 80 37 43
John 9 47 66 94
John 39 3 3 88
John 40 93 87 81
John 25 41 52 12
John 21 63 32 67
John 44 15 69 46
John 44 89 90 14
John 21 27 9 30
John 75 75 76 66
John 31 80 54 71
John 25 42 4 3
John 35 57 15 56
John 72 47 75 17
John 14 45 63 58
John 86 53 24 7
John 81 33 89 8
John 61 17 74 92
John 49 28 15 75
